Dataset [104857600]
Threads [40]
Read Block Length [20000]
ts-group-length [512]
Running version [99981000]
Backoff set to [-1]
156703427.000000	 600257772.000000	 757317098.000000	 525522542.000000	 41993479.000000	 31500906.000000	 0	 0	 0	 0	 0	 -104857600	 104948196	 60246	 1	 3959120	 1741.994423	 14705418.000000	 0.000000	 15753938.000000	 0.000000	 0.000000	 30459356.000000	 392510253.000000	 4089445892	 567516021.000000	 2538626	
176337565.000000	 584851366.000000	 761502806.000000	 508160798.000000	 44231731.000000	 31226521.000000	 0	 0	 0	 0	 0	 -104857600	 104966380	 60246	 1	 3959287	 1742.296252	 14715857.000000	 0.000000	 15471369.000000	 0.000000	 0.000000	 30187226.000000	 390021526.000000	 4089434214	 552392529.000000	 2540030	
173202969.000000	 614741633.000000	 788245294.000000	 539009585.000000	 43241972.000000	 31306295.000000	 0	 0	 0	 0	 0	 -104857600	 104940136	 60246	 1	 3959131	 1741.860638	 14721754.000000	 0.000000	 15538925.000000	 0.000000	 0.000000	 30260679.000000	 387625269.000000	 4089445770	 582251557.000000	 2537837	
172570658.000000	 599967494.000000	 772842717.000000	 524023322.000000	 43218487.000000	 31449861.000000	 0	 0	 0	 0	 0	 -104857600	 104945040	 60246	 1	 3959045	 1741.942038	 14728824.000000	 0.000000	 15713114.000000	 0.000000	 0.000000	 30441938.000000	 385924417.000000	 4089445749	 567241809.000000	 2538920	
179228615.000000	 670020708.000000	 849817076.000000	 536005742.000000	 127906154.000000	 4800732.000000	 0	 0	 0	 0	 0	 -104857600	 104958582	 60246	 1	 3959118	 1742.166816	 1969564.000000	 0.000000	 2593094.000000	 0.000000	 0.000000	 4562658.000000	 396119427.000000	 4089436737	 663911896.000000	 353788	
Running version [99981]
Backoff set to [-1]
134634381.000000	 81994619.000000	 216937384.000000	 34752107.000000	 15678259.000000	 31128551.000000	 0	 0	 0	 0	 0	 -104857600	 106670927	 60246	 1	 4038363	 1770.589367	 14909019.000000	 0.000000	 15247339.000000	 0.000000	 0.000000	 30156358.000000	 0.000000	 0	 50430366.000000	 2566676	
135834648.000000	 76097538.000000	 212264106.000000	 29057143.000000	 16141097.000000	 30470433.000000	 0	 0	 0	 0	 0	 -104857600	 110814773	 60246	 1	 4232282	 1839.371460	 14810010.000000	 0.000000	 14621423.000000	 0.000000	 0.000000	 29431433.000000	 0.000000	 0	 45198240.000000	 2648059	
134145604.000000	 80203561.000000	 214684231.000000	 31383051.000000	 15651763.000000	 32741100.000000	 0	 0	 0	 0	 0	 -104857600	 110588738	 60246	 1	 4223851	 1835.619593	 14842617.000000	 0.000000	 16966222.000000	 0.000000	 0.000000	 31808839.000000	 0.000000	 0	 47034814.000000	 2640391	
137822587.000000	 78780222.000000	 216928366.000000	 28055146.000000	 16130479.000000	 34162439.000000	 0	 0	 0	 0	 0	 -104857600	 110335332	 60246	 1	 4213237	 1831.413405	 14868015.000000	 0.000000	 18342712.000000	 0.000000	 0.000000	 33210727.000000	 0.000000	 0	 44185625.000000	 2638796	
136912463.000000	 77159197.000000	 214399352.000000	 27462849.000000	 15609016.000000	 33660550.000000	 0	 0	 0	 0	 0	 -104857600	 110604920	 60246	 1	 4224724	 1835.888192	 14808602.000000	 0.000000	 17930870.000000	 0.000000	 0.000000	 32739472.000000	 0.000000	 0	 43071865.000000	 2643699	
Running version [99982]
Backoff set to [-1]
134573119.000000	 348141452.000000	 483041924.000000	 266460887.000000	 49099015.000000	 31288694.000000	 0	 0	 0	 0	 0	 -104857600	 104973602	 60246	 1	 3959598	 1742.416127	 14552455.000000	 0.000000	 15756655.000000	 0.000000	 0.000000	 30309110.000000	 165110.000000	 0	 315559902.000000	 2538868	
135962577.000000	 349300374.000000	 485558586.000000	 267801260.000000	 48249384.000000	 30983828.000000	 0	 0	 0	 0	 0	 -104857600	 104945097	 60246	 1	 3959737	 1741.942984	 14574623.000000	 0.000000	 15396399.000000	 0.000000	 0.000000	 29971022.000000	 167545.000000	 0	 316050644.000000	 2538603	
133074329.000000	 354682934.000000	 488087310.000000	 268056050.000000	 53499386.000000	 31838711.000000	 0	 0	 0	 0	 0	 -104857600	 104976176	 60246	 1	 3959462	 1742.458852	 14650609.000000	 0.000000	 16239357.000000	 0.000000	 0.000000	 30889966.000000	 167396.000000	 0	 321555436.000000	 2539531	
131909854.000000	 353785705.000000	 485997524.000000	 272207996.000000	 48061135.000000	 32210586.000000	 0	 0	 0	 0	 0	 -104857600	 104968393	 60246	 1	 3959765	 1742.329665	 14668472.000000	 0.000000	 16585622.000000	 0.000000	 0.000000	 31254094.000000	 167845.000000	 0	 320269131.000000	 2538907	
132262471.000000	 349253263.000000	 481840518.000000	 267539995.000000	 49150813.000000	 31246658.000000	 0	 0	 0	 0	 0	 -104857600	 104976039	 60246	 1	 3959447	 1742.456578	 14607509.000000	 0.000000	 15646283.000000	 0.000000	 0.000000	 30253792.000000	 167653.000000	 0	 316690808.000000	 2539472	
Running version [99983]
Backoff set to [-1]
136034195.000000	 77007384.000000	 213352193.000000	 26389598.000000	 14937917.000000	 35246438.000000	 0	 0	 0	 0	 0	 -104857600	 107709278	 60246	 1	 4084287	 1787.824553	 14691960.000000	 0.000000	 19612816.000000	 0.000000	 0.000000	 34304776.000000	 12002131.000000	 109453183	 41327515.000000	 2587685	
135981003.000000	 76177400.000000	 212473506.000000	 25913768.000000	 14764199.000000	 35066156.000000	 0	 0	 0	 0	 0	 -104857600	 107647048	 60246	 1	 4081740	 1786.791621	 14640747.000000	 0.000000	 19465782.000000	 0.000000	 0.000000	 34106529.000000	 11628361.000000	 107460300	 40677967.000000	 2587131	
133606979.000000	 75276446.000000	 209194731.000000	 26062792.000000	 14808983.000000	 33978409.000000	 0	 0	 0	 0	 0	 -104857600	 107681876	 60246	 1	 4084091	 1787.369717	 14623624.000000	 0.000000	 18327185.000000	 0.000000	 0.000000	 32950809.000000	 11766349.000000	 106554589	 40871775.000000	 2588628	
136980561.000000	 76754650.000000	 214042846.000000	 26087029.000000	 14837508.000000	 35400010.000000	 0	 0	 0	 0	 0	 -104857600	 107678355	 60246	 1	 4083176	 1787.311274	 14729801.000000	 0.000000	 19697934.000000	 0.000000	 0.000000	 34427735.000000	 11843664.000000	 108532621	 40924537.000000	 2587747	
134196302.000000	 76791959.000000	 211307775.000000	 25905460.000000	 15132373.000000	 35309723.000000	 0	 0	 0	 0	 0	 -104857600	 107785674	 60246	 1	 4088048	 1789.092620	 14660207.000000	 0.000000	 19657798.000000	 0.000000	 0.000000	 34318005.000000	 11618987.000000	 106071911	 41037833.000000	 2588753	
Running version [99984]
Backoff set to [-1]
131906498.000000	 86236168.000000	 218451055.000000	 36306132.000000	 14350299.000000	 35156507.000000	 0	 0	 0	 0	 0	 -104857600	 106909213	 60246	 1	 4049348	 1774.544584	 14693048.000000	 0.000000	 19442285.000000	 0.000000	 0.000000	 34135333.000000	 22116926.000000	 50058999	 50656431.000000	 2573209	
136942567.000000	 87525553.000000	 224774010.000000	 36276100.000000	 14426367.000000	 36398586.000000	 0	 0	 0	 0	 0	 -104857600	 107019951	 60246	 1	 4054853	 1776.382681	 14717034.000000	 0.000000	 20706537.000000	 0.000000	 0.000000	 35423571.000000	 22290986.000000	 50609986	 50702467.000000	 2575780	
135947135.000000	 87856593.000000	 224108873.000000	 36545423.000000	 14414246.000000	 36473093.000000	 0	 0	 0	 0	 0	 -104857600	 106947474	 60246	 1	 4050946	 1775.179663	 14845176.000000	 0.000000	 20731749.000000	 0.000000	 0.000000	 35576925.000000	 22532807.000000	 51196762	 50959669.000000	 2573658	
135869013.000000	 87757794.000000	 223932511.000000	 36444360.000000	 14535449.000000	 36356820.000000	 0	 0	 0	 0	 0	 -104857600	 107045676	 60246	 1	 4054889	 1776.809680	 14710312.000000	 0.000000	 20645533.000000	 0.000000	 0.000000	 35355845.000000	 22374061.000000	 51354864	 50979809.000000	 2581400	
131815108.000000	 85864700.000000	 217985052.000000	 35957633.000000	 14299577.000000	 35178997.000000	 0	 0	 0	 0	 0	 -104857600	 106882086	 60246	 1	 4048447	 1774.094313	 14698579.000000	 0.000000	 19452482.000000	 0.000000	 0.000000	 34151061.000000	 21882186.000000	 50144529	 50257210.000000	 2573373	
Running version [99985]
Backoff set to [-1]
137301005.000000	 69157260.000000	 206755748.000000	 21344844.000000	 13730312.000000	 33565895.000000	 0	 0	 0	 0	 0	 -104857600	 105522728	 60246	 1	 3988419	 1751.530857	 14506518.000000	 0.000000	 18120836.000000	 0.000000	 0.000000	 32627354.000000	 7260333.000000	 3467573	 35075156.000000	 2548324	
136715377.000000	 69853481.000000	 206868842.000000	 21526667.000000	 13858221.000000	 34014933.000000	 0	 0	 0	 0	 0	 -104857600	 105613952	 60246	 1	 3992875	 1753.045049	 14524220.000000	 0.000000	 18528706.000000	 0.000000	 0.000000	 33052926.000000	 7235429.000000	 3417457	 35384888.000000	 2545483	
138274396.000000	 68700487.000000	 207275400.000000	 21291987.000000	 13748779.000000	 33143625.000000	 0	 0	 0	 0	 0	 -104857600	 105592330	 60246	 1	 3991583	 1752.686153	 14585896.000000	 0.000000	 17593211.000000	 0.000000	 0.000000	 32179107.000000	 7173313.000000	 3367106	 35040766.000000	 2547472	
137549196.000000	 69215051.000000	 207063524.000000	 21445815.000000	 13763847.000000	 33493892.000000	 0	 0	 0	 0	 0	 -104857600	 105564536	 60246	 1	 3990586	 1752.224812	 14531524.000000	 0.000000	 17979708.000000	 0.000000	 0.000000	 32511232.000000	 7323036.000000	 3445411	 35209662.000000	 2549471	
137013998.000000	 68731483.000000	 206049052.000000	 21509574.000000	 13645370.000000	 33066714.000000	 0	 0	 0	 0	 0	 -104857600	 105574645	 60246	 1	 3990913	 1752.392607	 14535264.000000	 0.000000	 17547362.000000	 0.000000	 0.000000	 32082626.000000	 7278725.000000	 3423297	 35154944.000000	 2545836	
ts-group-length [64]
Running version [99986]
Backoff set to [-1]
132909933.000000	 111017086.000000	 244374593.000000	 63868944.000000	 15248066.000000	 29534978.000000	 0	 0	 0	 0	 0	 -104857600	 106795413	 60246	 1	 4032491	 1772.655662	 14531819.000000	 0.000000	 14129212.000000	 0.000000	 0.000000	 28661031.000000	 3712.000000	 0	 79117010.000000	 2575598	
128071752.000000	 115556343.000000	 244066626.000000	 63760188.000000	 19964435.000000	 29448893.000000	 0	 0	 0	 0	 0	 -104857600	 107029531	 60246	 1	 4042340	 1776.541696	 14575127.000000	 0.000000	 13911455.000000	 0.000000	 0.000000	 28486582.000000	 5340.000000	 102	 83724623.000000	 2577434	
132121193.000000	 112247304.000000	 244802522.000000	 64260558.000000	 15934900.000000	 29693358.000000	 0	 0	 0	 0	 0	 -104857600	 106852349	 60246	 1	 4034870	 1773.600720	 14596310.000000	 0.000000	 14224004.000000	 0.000000	 0.000000	 28820314.000000	 3348.000000	 0	 80195458.000000	 2573727	
133382784.000000	 111962276.000000	 245784199.000000	 63853322.000000	 16402804.000000	 29324822.000000	 0	 0	 0	 0	 0	 -104857600	 106865914	 60246	 1	 4035273	 1773.825881	 14483665.000000	 0.000000	 13933885.000000	 0.000000	 0.000000	 28417550.000000	 3425.000000	 44	 80256126.000000	 2573138	
128335685.000000	 115207493.000000	 243978940.000000	 64009424.000000	 18855075.000000	 29980910.000000	 0	 0	 0	 0	 0	 -104857600	 106774815	 60246	 1	 4032151	 1772.313764	 14743587.000000	 0.000000	 14348260.000000	 0.000000	 0.000000	 29091847.000000	 3149.000000	 0	 82864499.000000	 2572267	
ts-group-length [128]
Running version [99986]
Backoff set to [-1]
132809883.000000	 94192370.000000	 227373506.000000	 47010807.000000	 15647251.000000	 28622880.000000	 0	 0	 0	 0	 0	 -104857600	 106085064	 60246	 1	 4007083	 1760.864854	 14459278.000000	 0.000000	 13376730.000000	 0.000000	 0.000000	 27836008.000000	 3705.000000	 185	 62658058.000000	 2560392	
132722863.000000	 94488948.000000	 227578401.000000	 47226328.000000	 15599595.000000	 28744957.000000	 0	 0	 0	 0	 0	 -104857600	 105989689	 60246	 1	 4003203	 1759.281761	 14517143.000000	 0.000000	 13445546.000000	 0.000000	 0.000000	 27962689.000000	 4533.000000	 124	 62825923.000000	 2558426	
128440914.000000	 93410472.000000	 222224381.000000	 47005265.000000	 14940668.000000	 28544573.000000	 0	 0	 0	 0	 0	 -104857600	 105982771	 60246	 1	 4002680	 1759.166932	 14513559.000000	 0.000000	 13232808.000000	 0.000000	 0.000000	 27746367.000000	 4238.000000	 249	 61945933.000000	 2557764	
128386604.000000	 101130706.000000	 229885831.000000	 47754833.000000	 21229364.000000	 29259471.000000	 0	 0	 0	 0	 0	 -104857600	 106152920	 60246	 1	 4009355	 1761.991170	 14500564.000000	 0.000000	 13940579.000000	 0.000000	 0.000000	 28441143.000000	 5495.000000	 257	 68984197.000000	 2559857	
130050561.000000	 95154793.000000	 225574610.000000	 47212063.000000	 16326993.000000	 28712485.000000	 0	 0	 0	 0	 0	 -104857600	 105981292	 60246	 1	 4002602	 1759.142383	 14477205.000000	 0.000000	 13433919.000000	 0.000000	 0.000000	 27911124.000000	 5907.000000	 405	 63539056.000000	 2558035	
ts-group-length [256]
Running version [99986]
Backoff set to [-1]
132608150.000000	 70504700.000000	 203450255.000000	 25799497.000000	 13931808.000000	 30319743.000000	 0	 0	 0	 0	 0	 -104857600	 105417757	 60246	 1	 3982947	 1749.788484	 14472676.000000	 0.000000	 15031412.000000	 0.000000	 0.000000	 29504088.000000	 906.000000	 0	 39731305.000000	 2547005	
131631604.000000	 70069064.000000	 202036936.000000	 25645673.000000	 13884632.000000	 30162880.000000	 0	 0	 0	 0	 0	 -104857600	 105439802	 60246	 1	 3983488	 1750.154400	 14305621.000000	 0.000000	 15008424.000000	 0.000000	 0.000000	 29314045.000000	 887.000000	 0	 39530305.000000	 2547443	
139034106.000000	 72308361.000000	 211672971.000000	 27374659.000000	 13840460.000000	 30597207.000000	 0	 0	 0	 0	 0	 -104857600	 105469606	 60246	 1	 3984644	 1750.649105	 14360666.000000	 0.000000	 15357108.000000	 0.000000	 0.000000	 29717774.000000	 969.000000	 0	 41215119.000000	 2547628	
138486892.000000	 70405200.000000	 209229708.000000	 24565336.000000	 13786926.000000	 31578164.000000	 0	 0	 0	 0	 0	 -104857600	 105411824	 60246	 1	 3982754	 1749.690004	 14379265.000000	 0.000000	 16284343.000000	 0.000000	 0.000000	 30663608.000000	 887.000000	 0	 38352262.000000	 2546843	
137534877.000000	 67229827.000000	 205098241.000000	 20080554.000000	 13861387.000000	 32815081.000000	 0	 0	 0	 0	 0	 -104857600	 105418255	 60246	 1	 3982822	 1749.796750	 14415981.000000	 0.000000	 17516654.000000	 0.000000	 0.000000	 31932635.000000	 927.000000	 0	 33941941.000000	 2548264	
ts-group-length [512]
Running version [99986]
Backoff set to [-1]
134136198.000000	 66529252.000000	 200981746.000000	 20076838.000000	 13768406.000000	 32204453.000000	 0	 0	 0	 0	 0	 -104857600	 105669848	 60246	 1	 3993246	 1753.972845	 14481068.000000	 0.000000	 16808772.000000	 0.000000	 0.000000	 31289840.000000	 998.000000	 714	 33845244.000000	 2552536	
139670539.000000	 65106734.000000	 205095388.000000	 18594970.000000	 13805757.000000	 32278852.000000	 0	 0	 0	 0	 0	 -104857600	 105644582	 60246	 1	 3992506	 1753.553464	 14452493.000000	 0.000000	 16882231.000000	 0.000000	 0.000000	 31334724.000000	 975.000000	 533	 32400727.000000	 2552864	
135721196.000000	 66567028.000000	 202604003.000000	 18867887.000000	 13841881.000000	 33376756.000000	 0	 0	 0	 0	 0	 -104857600	 105677762	 60246	 1	 3993643	 1754.104206	 14466680.000000	 0.000000	 17988473.000000	 0.000000	 0.000000	 32455153.000000	 1219.000000	 889	 32709768.000000	 2551567	
140152515.000000	 66593003.000000	 207061442.000000	 20001742.000000	 13906967.000000	 32214846.000000	 0	 0	 0	 0	 0	 -104857600	 105690464	 60246	 1	 3994504	 1754.315042	 14417744.000000	 0.000000	 16884537.000000	 0.000000	 0.000000	 31302281.000000	 1052.000000	 762	 33908709.000000	 2551853	
135165499.000000	 65720224.000000	 201203907.000000	 17908767.000000	 13837624.000000	 33498081.000000	 0	 0	 0	 0	 0	 -104857600	 105681473	 60246	 1	 3993913	 1754.165804	 14454655.000000	 0.000000	 18087104.000000	 0.000000	 0.000000	 32541759.000000	 1113.000000	 902	 31746391.000000	 2552822	
ts-group-length [1024]
Running version [99986]
Backoff set to [-1]
134821078.000000	 65509333.000000	 200640948.000000	 17785859.000000	 13970495.000000	 33269668.000000	 0	 0	 0	 0	 0	 -104857600	 105937506	 60246	 1	 4004478	 1758.415596	 14386939.000000	 0.000000	 17933449.000000	 0.000000	 0.000000	 32320388.000000	 2384.000000	 3224	 31756354.000000	 2557387	
141123984.000000	 65257232.000000	 206691153.000000	 18401278.000000	 13963252.000000	 32416197.000000	 0	 0	 0	 0	 0	 -104857600	 105937188	 60246	 1	 4004466	 1758.410318	 14472822.000000	 0.000000	 16983915.000000	 0.000000	 0.000000	 31456737.000000	 2302.000000	 3818	 32364530.000000	 2557999	
139012363.000000	 65298557.000000	 204624285.000000	 17515621.000000	 13889960.000000	 33404069.000000	 0	 0	 0	 0	 0	 -104857600	 105919583	 60246	 1	 4004105	 1758.118099	 14466557.000000	 0.000000	 17966704.000000	 0.000000	 0.000000	 32433261.000000	 2114.000000	 3170	 31405581.000000	 2557384	
136386801.000000	 64863065.000000	 201562598.000000	 17678159.000000	 13904324.000000	 32853672.000000	 0	 0	 0	 0	 0	 -104857600	 105879528	 60246	 1	 4002896	 1757.453242	 14467745.000000	 0.000000	 17406617.000000	 0.000000	 0.000000	 31874362.000000	 2230.000000	 3493	 31582483.000000	 2556084	
135515136.000000	 64543882.000000	 200368511.000000	 17672527.000000	 13903637.000000	 32500782.000000	 0	 0	 0	 0	 0	 -104857600	 105948407	 60246	 1	 4005081	 1758.596538	 14424652.000000	 0.000000	 17100249.000000	 0.000000	 0.000000	 31524901.000000	 2284.000000	 3413	 31576164.000000	 2556598	
ts-group-length [2048]
Running version [99986]
Backoff set to [-1]
136166940.000000	 63798454.000000	 200279854.000000	 18002705.000000	 13760377.000000	 31609615.000000	 0	 0	 0	 0	 0	 -104857600	 106089175	 60246	 1	 4011353	 1760.933091	 14494712.000000	 0.000000	 16268409.000000	 0.000000	 0.000000	 30763121.000000	 4167.000000	 8762	 31763082.000000	 2560999	
136701530.000000	 65089838.000000	 202099939.000000	 19818466.000000	 13483441.000000	 31359658.000000	 0	 0	 0	 0	 0	 -104857600	 106086989	 60246	 1	 4010988	 1760.896806	 14507637.000000	 0.000000	 16030998.000000	 0.000000	 0.000000	 30538635.000000	 4384.000000	 9517	 33301907.000000	 2557736	
134728848.000000	 65004603.000000	 200045648.000000	 17513200.000000	 13820363.000000	 33206610.000000	 0	 0	 0	 0	 0	 -104857600	 106079187	 60246	 1	 4010672	 1760.767304	 14428956.000000	 0.000000	 17790892.000000	 0.000000	 0.000000	 32219848.000000	 3964.000000	 8523	 31333563.000000	 2560450	
139150336.000000	 66196440.000000	 205655317.000000	 18781534.000000	 13793981.000000	 33155038.000000	 0	 0	 0	 0	 0	 -104857600	 106094486	 60246	 1	 4011377	 1761.021246	 14502986.000000	 0.000000	 17748642.000000	 0.000000	 0.000000	 32251628.000000	 4286.000000	 8548	 32575515.000000	 2559334	
124043476.000000	 62595469.000000	 186923065.000000	 18168289.000000	 13698669.000000	 30372623.000000	 0	 0	 0	 0	 0	 -104857600	 106108777	 60246	 1	 4011789	 1761.258457	 14514684.000000	 0.000000	 15021232.000000	 0.000000	 0.000000	 29535916.000000	 4313.000000	 7757	 31866958.000000	 2560968	
ts-group-length [4096]
Running version [99986]
Backoff set to [-1]
135460608.000000	 65529327.000000	 201290058.000000	 19691236.000000	 13515475.000000	 31965060.000000	 0	 0	 0	 0	 0	 -104857600	 106237432	 60246	 1	 4016882	 1763.393951	 14482003.000000	 0.000000	 16569193.000000	 0.000000	 0.000000	 31051196.000000	 8878.000000	 19044	 33206711.000000	 2561738	
138265536.000000	 65143996.000000	 203715916.000000	 17514798.000000	 13818359.000000	 33334493.000000	 0	 0	 0	 0	 0	 -104857600	 106220800	 60246	 1	 4016258	 1763.117883	 14472160.000000	 0.000000	 17917046.000000	 0.000000	 0.000000	 32389206.000000	 8362.000000	 19223	 31333157.000000	 2562005	
139525504.000000	 64893021.000000	 204724790.000000	 19047814.000000	 13565728.000000	 31917475.000000	 0	 0	 0	 0	 0	 -104857600	 106194723	 60246	 1	 4014955	 1762.685041	 14447063.000000	 0.000000	 16690449.000000	 0.000000	 0.000000	 31137512.000000	 8506.000000	 16706	 32613542.000000	 2560843	
134456439.000000	 63602570.000000	 198366480.000000	 18284647.000000	 13489875.000000	 31469833.000000	 0	 0	 0	 0	 0	 -104857600	 106225466	 60246	 1	 4016844	 1763.195332	 14426717.000000	 0.000000	 16234862.000000	 0.000000	 0.000000	 30661579.000000	 7963.000000	 16420	 31774522.000000	 2561812	
134167159.000000	 64203397.000000	 198672285.000000	 18430451.000000	 13541492.000000	 31872562.000000	 0	 0	 0	 0	 0	 -104857600	 106231598	 60246	 1	 4016791	 1763.297115	 14445744.000000	 0.000000	 16634509.000000	 0.000000	 0.000000	 31080253.000000	 9016.000000	 20707	 31971943.000000	 2560979	
ts-group-length [16384]
Running version [99986]
Backoff set to [-1]
139320987.000000	 62918222.000000	 202541979.000000	 18120025.000000	 13479080.000000	 30988869.000000	 0	 0	 0	 0	 0	 -104857600	 106334541	 60246	 1	 4021533	 1765.005826	 14517207.000000	 0.000000	 15643602.000000	 0.000000	 0.000000	 30160809.000000	 32806.000000	 69263	 31599105.000000	 2563685	
136073905.000000	 66162039.000000	 202531941.000000	 20752530.000000	 13343375.000000	 31708869.000000	 0	 0	 0	 0	 0	 -104857600	 106357750	 60246	 1	 4022376	 1765.391063	 14524982.000000	 0.000000	 16347149.000000	 0.000000	 0.000000	 30872131.000000	 35621.000000	 64743	 34095905.000000	 2565056	
129834951.000000	 64138350.000000	 194273368.000000	 17283542.000000	 13733354.000000	 32723154.000000	 0	 0	 0	 0	 0	 -104857600	 106398426	 60246	 1	 4023607	 1766.066228	 14546996.000000	 0.000000	 17225816.000000	 0.000000	 0.000000	 31772812.000000	 33533.000000	 76270	 31016896.000000	 2565469	
126713304.000000	 66042082.000000	 193043904.000000	 23089767.000000	 12573972.000000	 30025253.000000	 0	 0	 0	 0	 0	 -104857600	 106387711	 60246	 1	 4022329	 1765.888374	 14533438.000000	 0.000000	 14672558.000000	 0.000000	 0.000000	 29205996.000000	 28592.000000	 60665	 35663739.000000	 2565749	
128753098.000000	 65862220.000000	 194922375.000000	 16410042.000000	 13810235.000000	 35212677.000000	 0	 0	 0	 0	 0	 -104857600	 106366479	 60246	 1	 4022903	 1765.535953	 14576332.000000	 0.000000	 19618415.000000	 0.000000	 0.000000	 34194747.000000	 34376.000000	 63157	 30220277.000000	 2564883	
ts-group-length [4096]
Running version [99982000]
Backoff set to [-1]
181019871.000000	 105183652.000000	 286588595.000000	 6782848.000000	 65470410.000000	 39713189.000000	 0	 0	 0	 0	 0	 -104857600	 121095141	 60246	 1	 4633546	 2010.011304	 15306720.000000	 0.000000	 23356592.000000	 0.000000	 0.000000	 38663312.000000	 0.000000	 15531603	 72253258.000000	 2839256	
151109776.000000	 68019754.000000	 219437305.000000	 7700195.000000	 34665819.000000	 33353893.000000	 0	 0	 0	 0	 0	 -104857600	 110200256	 60246	 1	 4181368	 1829.171331	 14804208.000000	 0.000000	 17656487.000000	 0.000000	 0.000000	 32460695.000000	 0.000000	 1749272	 42366014.000000	 2634671	
142265924.000000	 65678460.000000	 208245776.000000	 7517510.000000	 32947440.000000	 32730956.000000	 0	 0	 0	 0	 0	 -104857600	 109032759	 60246	 1	 4132431	 1809.792501	 14705799.000000	 0.000000	 17201177.000000	 0.000000	 0.000000	 31906976.000000	 0.000000	 1337785	 40464950.000000	 2613094	
139945538.000000	 66641430.000000	 206895214.000000	 7527918.000000	 33835579.000000	 32805810.000000	 0	 0	 0	 0	 0	 -104857600	 109907601	 60246	 1	 4170644	 1824.313664	 14743365.000000	 0.000000	 17233200.000000	 0.000000	 0.000000	 31976565.000000	 0.000000	 1871325	 41363497.000000	 2628794	
136902155.000000	 67326363.000000	 204529904.000000	 7681583.000000	 34555085.000000	 32771214.000000	 0	 0	 0	 0	 0	 -104857600	 109947219	 60246	 1	 4173334	 1824.971268	 14795896.000000	 0.000000	 17127825.000000	 0.000000	 0.000000	 31923721.000000	 0.000000	 2100935	 42236668.000000	 2630329	
Running version [9998200]
Backoff set to [-1]
135681483.000000	 146851821.000000	 282821557.000000	 0.000000	 114614393.000000	 32237372.000000	 0	 0	 0	 0	 0	 -104857600	 104853060	 60246	 1	 3958994	 1740.415297	 14444361.000000	 0.000000	 16877180.000000	 0.000000	 0.000000	 31321541.000000	 166680.000000	 0	 114614393.000000	 2536891	
138695680.000000	 152128138.000000	 291118125.000000	 0.000000	 119403617.000000	 32724469.000000	 0	 0	 0	 0	 0	 -104857600	 104853035	 60246	 1	 3958992	 1740.414882	 14450361.000000	 0.000000	 17364803.000000	 0.000000	 0.000000	 31815164.000000	 167996.000000	 0	 119403617.000000	 2537038	
141068357.000000	 148585461.000000	 289939709.000000	 0.000000	 116372270.000000	 32213149.000000	 0	 0	 0	 0	 0	 -104857600	 104853043	 60246	 1	 3958990	 1740.415015	 14412989.000000	 0.000000	 16854416.000000	 0.000000	 0.000000	 31267405.000000	 171219.000000	 0	 116372270.000000	 2536488	
139253944.000000	 149361944.000000	 288909555.000000	 0.000000	 117171970.000000	 32189933.000000	 0	 0	 0	 0	 0	 -104857600	 104853016	 60246	 1	 3958987	 1740.414567	 14407226.000000	 0.000000	 16827054.000000	 0.000000	 0.000000	 31234280.000000	 171225.000000	 0	 117171970.000000	 2536950	
141051404.000000	 151414586.000000	 292756813.000000	 0.000000	 119008178.000000	 32406364.000000	 0	 0	 0	 0	 0	 -104857600	 104853020	 60246	 1	 3958986	 1740.414633	 14419287.000000	 0.000000	 17049128.000000	 0.000000	 0.000000	 31468415.000000	 168106.000000	 0	 119008178.000000	 2536378	
Running version [999820]
Backoff set to [-1]
141334949.000000	 62747578.000000	 204371073.000000	 7385273.000000	 30916041.000000	 31831486.000000	 0	 0	 0	 0	 0	 -104857600	 105411432	 60246	 1	 3982505	 1749.683498	 14558023.000000	 0.000000	 16462826.000000	 0.000000	 0.000000	 31020849.000000	 2715230.000000	 1654587	 38301314.000000	 2542842	
137003919.000000	 63012931.000000	 200300667.000000	 7647387.000000	 31403903.000000	 31608973.000000	 0	 0	 0	 0	 0	 -104857600	 105392912	 60246	 1	 3981410	 1749.376091	 14541430.000000	 0.000000	 16206152.000000	 0.000000	 0.000000	 30747582.000000	 2640213.000000	 1660751	 39051290.000000	 2548379	
139806355.000000	 63084705.000000	 203175248.000000	 7956086.000000	 31529823.000000	 31554808.000000	 0	 0	 0	 0	 0	 -104857600	 105362364	 60246	 1	 3980910	 1748.869037	 14486821.000000	 0.000000	 16244763.000000	 0.000000	 0.000000	 30731584.000000	 2447887.000000	 1633643	 39485909.000000	 2540988	
137992785.000000	 63562958.000000	 201838105.000000	 7723951.000000	 31789261.000000	 31773632.000000	 0	 0	 0	 0	 0	 -104857600	 105411571	 60246	 1	 3982601	 1749.685805	 14532323.000000	 0.000000	 16409804.000000	 0.000000	 0.000000	 30942127.000000	 2632403.000000	 1807887	 39513212.000000	 2547767	
ts-group-length [64]
Running version [999821]
Backoff set to [-1]
121077255.000000	 84204338.000000	 205640762.000000	 0.000000	 53729602.000000	 30474669.000000	 0	 0	 0	 0	 0	 -104857600	 104853182	 60246	 1	 3959005	 1740.417322	 14549969.000000	 0.000000	 15206080.000000	 0.000000	 0.000000	 29756049.000000	 3802.000000	 0	 53729602.000000	 2536297	
127767943.000000	 83649697.000000	 211777635.000000	 0.000000	 53151947.000000	 30497695.000000	 0	 0	 0	 0	 0	 -104857600	 104853194	 60246	 1	 3959010	 1740.417521	 14497225.000000	 0.000000	 15279998.000000	 0.000000	 0.000000	 29777223.000000	 3412.000000	 0	 53151947.000000	 2540664	
124220847.000000	 84403064.000000	 208983252.000000	 0.000000	 53766178.000000	 30636842.000000	 0	 0	 0	 0	 0	 -104857600	 104853164	 60246	 1	 3959001	 1740.417024	 14481955.000000	 0.000000	 15424924.000000	 0.000000	 0.000000	 29906879.000000	 3734.000000	 0	 53766178.000000	 2535939	
124759732.000000	 84355217.000000	 209474613.000000	 0.000000	 53976484.000000	 30378682.000000	 0	 0	 0	 0	 0	 -104857600	 104853183	 60246	 1	 3959010	 1740.417339	 14453376.000000	 0.000000	 15209794.000000	 0.000000	 0.000000	 29663170.000000	 3365.000000	 0	 53976484.000000	 2536938	
125188806.000000	 84146445.000000	 209697565.000000	 0.000000	 53573462.000000	 30572942.000000	 0	 0	 0	 0	 0	 -104857600	 104853193	 60246	 1	 3959009	 1740.417505	 14507685.000000	 0.000000	 15330595.000000	 0.000000	 0.000000	 29838280.000000	 3842.000000	 0	 53573462.000000	 2536794	
ts-group-length [128]
Running version [999821]
Backoff set to [-1]
128762920.000000	 77337425.000000	 206436621.000000	 0.000000	 47209661.000000	 30127724.000000	 0	 0	 0	 0	 0	 -104857600	 104853211	 60246	 1	 3959011	 1740.417804	 14351866.000000	 0.000000	 15035902.000000	 0.000000	 0.000000	 29387768.000000	 2531.000000	 66	 47209661.000000	 2536062	
124401602.000000	 77255252.000000	 201989842.000000	 0.000000	 47103340.000000	 30151872.000000	 0	 0	 0	 0	 0	 -104857600	 104853201	 60246	 1	 3959010	 1740.417638	 14448645.000000	 0.000000	 14978722.000000	 0.000000	 0.000000	 29427367.000000	 1987.000000	 16	 47103340.000000	 2536621	
127557877.000000	 77625183.000000	 205519174.000000	 0.000000	 47178214.000000	 30446912.000000	 0	 0	 0	 0	 0	 -104857600	 104853223	 60246	 1	 3959014	 1740.418003	 14467961.000000	 0.000000	 15213935.000000	 0.000000	 0.000000	 29681896.000000	 2250.000000	 74	 47178214.000000	 2536443	
127791511.000000	 77564884.000000	 205695725.000000	 0.000000	 47300258.000000	 30264559.000000	 0	 0	 0	 0	 0	 -104857600	 104853208	 60246	 1	 3959009	 1740.417754	 14511518.000000	 0.000000	 14976191.000000	 0.000000	 0.000000	 29487709.000000	 2724.000000	 35	 47300258.000000	 2536187	
128022853.000000	 77506042.000000	 205862827.000000	 0.000000	 47250170.000000	 30255842.000000	 0	 0	 0	 0	 0	 -104857600	 104853186	 60246	 1	 3959010	 1740.417389	 14501799.000000	 0.000000	 15029854.000000	 0.000000	 0.000000	 29531653.000000	 1466.000000	 16	 47250170.000000	 2536052	
ts-group-length [256]
Running version [999821]
Backoff set to [-1]
127172332.000000	 73908074.000000	 201394153.000000	 0.000000	 44091260.000000	 29816769.000000	 0	 0	 0	 0	 0	 -104857600	 104853281	 60246	 1	 3959018	 1740.418966	 14423721.000000	 0.000000	 14674752.000000	 0.000000	 0.000000	 29098473.000000	 3873.000000	 248	 44091260.000000	 2535911	
123504455.000000	 74019955.000000	 197837394.000000	 0.000000	 44046560.000000	 29973354.000000	 0	 0	 0	 0	 0	 -104857600	 104853464	 60246	 1	 3959037	 1740.422003	 14391994.000000	 0.000000	 14864580.000000	 0.000000	 0.000000	 29256574.000000	 4250.000000	 730	 44046560.000000	 2536763	
127934092.000000	 73928494.000000	 202172830.000000	 0.000000	 44054283.000000	 29874162.000000	 0	 0	 0	 0	 0	 -104857600	 104853457	 60246	 1	 3959016	 1740.421887	 14414081.000000	 0.000000	 14749417.000000	 0.000000	 0.000000	 29163498.000000	 3932.000000	 781	 44054283.000000	 2536137	
126081851.000000	 74249845.000000	 200645281.000000	 0.000000	 44234376.000000	 30015420.000000	 0	 0	 0	 0	 0	 -104857600	 104853413	 60246	 1	 3959011	 1740.421157	 14398951.000000	 0.000000	 14904663.000000	 0.000000	 0.000000	 29303614.000000	 4740.000000	 876	 44234376.000000	 2535894	
ts-group-length [512]
Running version [999821]
Backoff set to [-1]
127921411.000000	 72128277.000000	 200348518.000000	 0.000000	 42134075.000000	 29994142.000000	 0	 0	 0	 0	 0	 -104857600	 104853411	 60246	 1	 3959009	 1740.421123	 14428699.000000	 0.000000	 14851102.000000	 0.000000	 0.000000	 29279801.000000	 6525.000000	 819	 42134075.000000	 2536374	
126744790.000000	 71776559.000000	 198824067.000000	 0.000000	 42083876.000000	 29692637.000000	 0	 0	 0	 0	 0	 -104857600	 104853628	 60246	 1	 3959035	 1740.424725	 14398356.000000	 0.000000	 14581263.000000	 0.000000	 0.000000	 28979619.000000	 7537.000000	 1507	 42083876.000000	 2536479	
127789099.000000	 71738814.000000	 199828762.000000	 0.000000	 42060088.000000	 29678671.000000	 0	 0	 0	 0	 0	 -104857600	 104853532	 60246	 1	 3959009	 1740.423132	 14337759.000000	 0.000000	 14634412.000000	 0.000000	 0.000000	 28972171.000000	 6440.000000	 1614	 42060088.000000	 2536248	
Dataset [104857600]
Threads [40]
Read Block Length [20000]
ts-group-length [64]
Running version [99985]
Backoff set to [-1]
Dataset [104857600]
Threads [40]
Read Block Length [20000]
ts-group-length [64]
Running version [99985]
Backoff set to [-1]
149594592.000000	 78237312.000000	 228137983.000000	 29160305.000000	 14277177.000000	 34259568.000000	 0	 0	 0	 0	 0	 -104857600	 105613993	 60246	 1	 3992383	 1753.045729	 14525276.000000	 0.000000	 18698464.000000	 0.000000	 0.000000	 33223740.000000	 14708861.000000	 3771070	 43437482.000000	 2552407	
140410952.000000	 79193816.000000	 219910948.000000	 30378673.000000	 14234671.000000	 34040443.000000	 0	 0	 0	 0	 0	 -104857600	 105552716	 60246	 1	 3988916	 1752.028616	 14538274.000000	 0.000000	 18465413.000000	 0.000000	 0.000000	 33003687.000000	 15982378.000000	 3763122	 44613344.000000	 2550703	
140655748.000000	 79111693.000000	 220070832.000000	 30413511.000000	 14258253.000000	 33956735.000000	 0	 0	 0	 0	 0	 -104857600	 105567777	 60246	 1	 3988970	 1752.278608	 14539433.000000	 0.000000	 18324012.000000	 0.000000	 0.000000	 32863445.000000	 15976765.000000	 3772794	 44671764.000000	 2550644	
123698717.000000	 74662318.000000	 198649851.000000	 27076540.000000	 12762708.000000	 34255462.000000	 0	 0	 0	 0	 0	 -104857600	 105973354	 60246	 1	 4009445	 1759.010623	 14392834.000000	 0.000000	 18727169.000000	 0.000000	 0.000000	 33120003.000000	 13077310.000000	 3870081	 39839248.000000	 2556640	
ts-group-length [1310720]
Running version [99986]
Backoff set to [-1]
130489095.000000	 66274636.000000	 197064519.000000	 17158645.000000	 14276601.000000	 34367485.000000	 0	 0	 0	 0	 0	 -104857600	 107276714	 60246	 1	 4062013	 1780.644591	 14731648.000000	 0.000000	 18718724.000000	 0.000000	 0.000000	 33450372.000000	 2620755.000000	 2166575	 31435246.000000	 2583269	
135759375.000000	 65093142.000000	 201148544.000000	 16966292.000000	 14248076.000000	 33427301.000000	 0	 0	 0	 0	 0	 -104857600	 107279907	 60246	 1	 4061053	 1780.697590	 14669572.000000	 0.000000	 17833658.000000	 0.000000	 0.000000	 32503230.000000	 2408906.000000	 2357083	 31214368.000000	 2584676	
