Dataset [1048576] JEMALLOC
Running version [9990]
Dataset [1048576]
Threads [40]
Read Block Length [20000]
ts-group-length [64]
Running version [9990]
Backoff set to [-1]
504647.000000	 788813.000000	 1297744.000000	 157186.000000	 28892.000000	 602691.000000	 0	 0	 0	 0	 0	 -1048576	 1048576	 28641	 1	 39587	 36.611012	 299079.000000	 0.000000	 165266.000000	 78151.000000	 0.000000	 464345.000000	 0.000000	 0	 186078.000000	 0	
562789.000000	 784106.000000	 1350981.000000	 159018.000000	 30641.000000	 594401.000000	 0	 0	 0	 0	 0	 -1048576	 1048576	 28641	 1	 39587	 36.611012	 289141.000000	 0.000000	 163315.000000	 79395.000000	 0.000000	 452456.000000	 0.000000	 0	 189659.000000	 0	
