Dataset [104857600]
Threads [80]
Read Block Length [20000]
ts-group-length [512]
Running version [99981]
Backoff set to [-1]
145917336.000000	 85123200.000000	 252904135.000000	 32494504.000000	 34471730.000000	 17850429.000000	 0	 0	 0	 0	 0	 -104857600	 104976736	 60246	 1	 3959542	 1742.468147	 6211561.000000	 0.000000	 10692788.000000	 0.000000	 0.000000	 16904349.000000	 0.000000	 0	 66966234.000000	 2536820	
145509456.000000	 86815785.000000	 254263865.000000	 33493679.000000	 35150883.000000	 17866137.000000	 0	 0	 0	 0	 0	 -104857600	 104935618	 60246	 1	 3959127	 1741.785646	 6265065.000000	 0.000000	 10724328.000000	 0.000000	 0.000000	 16989393.000000	 0.000000	 0	 68644562.000000	 2536199	
137352757.000000	 75823083.000000	 230734204.000000	 26580335.000000	 31724834.000000	 17275237.000000	 0	 0	 0	 0	 0	 -104857600	 104927545	 60246	 1	 3959174	 1741.651645	 6142101.000000	 0.000000	 10275463.000000	 0.000000	 0.000000	 16417564.000000	 0.000000	 0	 58305169.000000	 2533484	
147314836.000000	 72146760.000000	 236608322.000000	 19682213.000000	 34622043.000000	 17600232.000000	 0	 0	 0	 0	 0	 -104857600	 105054361	 60246	 1	 3959414	 1743.756615	 6293371.000000	 0.000000	 10403021.000000	 0.000000	 0.000000	 16696392.000000	 0.000000	 0	 54304256.000000	 2539260	
144997233.000000	 83320082.000000	 251489227.000000	 30804475.000000	 34968819.000000	 17256193.000000	 0	 0	 0	 0	 0	 -104857600	 104945988	 60246	 1	 3959234	 1741.957773	 6264561.000000	 0.000000	 10053233.000000	 0.000000	 0.000000	 16317794.000000	 0.000000	 0	 65773294.000000	 2536535	
139106454.000000	 82709266.000000	 242173896.000000	 27263755.000000	 36507118.000000	 18549144.000000	 0	 0	 0	 0	 0	 -104857600	 104980082	 60246	 1	 3959269	 1742.523686	 6610812.000000	 0.000000	 11006787.000000	 0.000000	 0.000000	 17617599.000000	 0.000000	 0	 63770873.000000	 2537943	
146520140.000000	 74000182.000000	 243430728.000000	 30805655.000000	 25623902.000000	 17262363.000000	 0	 0	 0	 0	 0	 -104857600	 104897190	 60246	 1	 3959123	 1741.147794	 6082213.000000	 0.000000	 10321010.000000	 0.000000	 0.000000	 16403223.000000	 0.000000	 0	 56429557.000000	 2535697	
146568278.000000	 78882728.000000	 244716457.000000	 26464013.000000	 34446943.000000	 17727998.000000	 0	 0	 0	 0	 0	 -104857600	 104972743	 60246	 1	 3959517	 1742.401869	 5448596.000000	 0.000000	 11325511.000000	 0.000000	 0.000000	 16774107.000000	 0.000000	 0	 60910956.000000	 2538265	
141999747.000000	 89760685.000000	 255009312.000000	 37276723.000000	 34291008.000000	 17879588.000000	 0	 0	 0	 0	 0	 -104857600	 104924092	 60246	 1	 3959278	 1741.594330	 5966981.000000	 0.000000	 11027469.000000	 0.000000	 0.000000	 16994450.000000	 0.000000	 0	 71567731.000000	 2535554	
151486361.000000	 88059917.000000	 262264444.000000	 34414545.000000	 35618363.000000	 17714624.000000	 0	 0	 0	 0	 0	 -104857600	 104952090	 60246	 1	 3959468	 1742.059058	 6257842.000000	 0.000000	 10509434.000000	 0.000000	 0.000000	 16767276.000000	 0.000000	 0	 70032908.000000	 2535286	
143454909.000000	 80345621.000000	 243383980.000000	 27581813.000000	 34350557.000000	 18032857.000000	 0	 0	 0	 0	 0	 -104857600	 104969602	 60246	 1	 3959194	 1742.349733	 6585090.000000	 0.000000	 10471840.000000	 0.000000	 0.000000	 17056930.000000	 0.000000	 0	 61932370.000000	 2537072	
Running version [99982]
Backoff set to [-1]
142097645.000000	 216055238.000000	 383031715.000000	 157186116.000000	 40225403.000000	 17438703.000000	 0	 0	 0	 0	 0	 -104857600	 104967148	 60246	 1	 3959401	 1742.309000	 6027940.000000	 0.000000	 10402957.000000	 0.000000	 0.000000	 16430897.000000	 10069355.000000	 0	 197411519.000000	 2533638	
152444787.000000	 504186344.000000	 680054972.000000	 443718612.000000	 42026378.000000	 16432259.000000	 0	 0	 0	 0	 0	 -104857600	 105051536	 60246	 1	 3959823	 1743.709723	 5947181.000000	 0.000000	 9414171.000000	 0.000000	 0.000000	 15361352.000000	 6853447.000000	 0	 485744990.000000	 2542515	
149848647.000000	 512017633.000000	 685131419.000000	 451825014.000000	 41517648.000000	 16694384.000000	 0	 0	 0	 0	 0	 -104857600	 104993921	 60246	 1	 3959662	 1742.753394	 5973630.000000	 0.000000	 9481537.000000	 0.000000	 0.000000	 15455167.000000	 6727494.000000	 0	 493342662.000000	 2536278	
138893347.000000	 508276235.000000	 666078858.000000	 444466558.000000	 44787365.000000	 17629282.000000	 0	 0	 0	 0	 0	 -104857600	 105049149	 60246	 1	 3959609	 1743.670103	 6137625.000000	 0.000000	 10155227.000000	 0.000000	 0.000000	 16292852.000000	 689326.000000	 0	 489253923.000000	 2541226	
142886342.000000	 514943379.000000	 681325252.000000	 453948667.000000	 41640170.000000	 17361856.000000	 0	 0	 0	 0	 0	 -104857600	 104985704	 60246	 1	 3959599	 1742.617004	 6284872.000000	 0.000000	 10236044.000000	 0.000000	 0.000000	 16520916.000000	 7466326.000000	 0	 495588837.000000	 2537607	
145297374.000000	 466391494.000000	 631367602.000000	 408076714.000000	 39927397.000000	 16999851.000000	 0	 0	 0	 0	 0	 -104857600	 104963969	 60246	 1	 3959668	 1742.256233	 6357337.000000	 0.000000	 9515593.000000	 0.000000	 0.000000	 15872930.000000	 644196.000000	 0	 448004111.000000	 2535883	
150051992.000000	 469497678.000000	 638340166.000000	 409851036.000000	 41446709.000000	 16804838.000000	 0	 0	 0	 0	 0	 -104857600	 105026328	 60246	 1	 3959511	 1743.291306	 5321066.000000	 0.000000	 9979101.000000	 0.000000	 0.000000	 15300167.000000	 1017761.000000	 0	 451297745.000000	 2538049	
150917122.000000	 481081294.000000	 650013807.000000	 427535643.000000	 35500250.000000	 16655013.000000	 0	 0	 0	 0	 0	 -104857600	 104974806	 60246	 1	 3959835	 1742.436112	 5910254.000000	 0.000000	 9352300.000000	 0.000000	 0.000000	 15262554.000000	 983370.000000	 0	 463035893.000000	 2536391	
149876257.000000	 527446001.000000	 695135060.000000	 466156307.000000	 41842906.000000	 18028878.000000	 0	 0	 0	 0	 0	 -104857600	 105044403	 60246	 1	 3959619	 1743.591326	 6343691.000000	 0.000000	 10250172.000000	 0.000000	 0.000000	 16593863.000000	 1032215.000000	 0	 507999213.000000	 2536950	
145019186.000000	 495933675.000000	 664657066.000000	 439238649.000000	 37375716.000000	 17380486.000000	 0	 0	 0	 0	 0	 -104857600	 104966221	 60246	 1	 3959477	 1742.293613	 6245111.000000	 0.000000	 10204276.000000	 0.000000	 0.000000	 16449387.000000	 10309718.000000	 0	 476614365.000000	 2541144	
Running version [99983]
Backoff set to [-1]
138996986.000000	 75165441.000000	 216907542.000000	 35078217.000000	 21329235.000000	 18376146.000000	 0	 0	 0	 0	 0	 -104857600	 106859000	 60246	 1	 4040997	 1773.711118	 5997732.000000	 0.000000	 11081733.000000	 0.000000	 0.000000	 17079465.000000	 25765649.000000	 41404951	 56407452.000000	 2570549	
138890231.000000	 69426808.000000	 212226856.000000	 34425894.000000	 17728888.000000	 17039034.000000	 0	 0	 0	 0	 0	 -104857600	 109087956	 60246	 1	 4142396	 1810.708694	 6321355.000000	 0.000000	 9874497.000000	 0.000000	 0.000000	 16195852.000000	 27272167.000000	 38579073	 52154782.000000	 2618339	
145924089.000000	 77027496.000000	 226700922.000000	 40302910.000000	 16722596.000000	 18572754.000000	 0	 0	 0	 0	 0	 -104857600	 108439885	 60246	 1	 4113108	 1799.951615	 6299595.000000	 0.000000	 11207706.000000	 0.000000	 0.000000	 17507301.000000	 30333497.000000	 42138121	 57025506.000000	 2600535	
142705329.000000	 73413870.000000	 218871445.000000	 34903197.000000	 19858747.000000	 18344256.000000	 0	 0	 0	 0	 0	 -104857600	 106842912	 60246	 1	 4041829	 1773.444079	 5794702.000000	 0.000000	 10252035.000000	 0.000000	 0.000000	 16046737.000000	 26105964.000000	 39523806	 54761944.000000	 2576091	
147547917.000000	 74760494.000000	 225034200.000000	 34877450.000000	 21357058.000000	 18149205.000000	 0	 0	 0	 0	 0	 -104857600	 108059398	 60246	 1	 4091845	 1793.636059	 6140899.000000	 0.000000	 10608844.000000	 0.000000	 0.000000	 16749743.000000	 25766517.000000	 37902863	 56234508.000000	 2596578	
148691341.000000	 77482132.000000	 229007331.000000	 32865085.000000	 25216044.000000	 19012173.000000	 0	 0	 0	 0	 0	 -104857600	 109006968	 60246	 1	 4131784	 1809.364406	 6539526.000000	 0.000000	 11502221.000000	 0.000000	 0.000000	 18041747.000000	 24381419.000000	 39624807	 58081129.000000	 2607834	
146207784.000000	 75021074.000000	 223963445.000000	 34255565.000000	 22273836.000000	 18113591.000000	 0	 0	 0	 0	 0	 -104857600	 108771270	 60246	 1	 4121769	 1805.452146	 6007030.000000	 0.000000	 10706471.000000	 0.000000	 0.000000	 16713501.000000	 25273646.000000	 34141021	 56529401.000000	 2603020	
143650965.000000	 73510200.000000	 220544818.000000	 35764114.000000	 20034061.000000	 17436965.000000	 0	 0	 0	 0	 0	 -104857600	 109179711	 60246	 1	 4142803	 1812.231700	 6194749.000000	 0.000000	 10145816.000000	 0.000000	 0.000000	 16340565.000000	 27140842.000000	 38047526	 55798175.000000	 2616318	
151992286.000000	 73295586.000000	 228584934.000000	 35608892.000000	 20436895.000000	 16967881.000000	 0	 0	 0	 0	 0	 -104857600	 108922743	 60246	 1	 4131750	 1807.966388	 6058209.000000	 0.000000	 9698276.000000	 0.000000	 0.000000	 15756485.000000	 27503977.000000	 35597095	 56045787.000000	 2612321	
146804249.000000	 75856086.000000	 225924263.000000	 39389815.000000	 16644319.000000	 18378548.000000	 0	 0	 0	 0	 0	 -104857600	 109067496	 60246	 1	 4140420	 1810.369087	 6268564.000000	 0.000000	 11209549.000000	 0.000000	 0.000000	 17478113.000000	 29533020.000000	 32033734	 56034134.000000	 2614949	
Running version [99984]
Backoff set to [-1]
150482182.000000	 65964391.000000	 219694059.000000	 35813331.000000	 13110781.000000	 16757148.000000	 0	 0	 0	 0	 0	 -104857600	 104853143	 60246	 1	 3959014	 1740.416675	 5935513.000000	 0.000000	 9347325.000000	 0.000000	 0.000000	 15282838.000000	 27593204.000000	 30902322	 48924112.000000	 2536845	
137042079.000000	 66788890.000000	 206553887.000000	 35447305.000000	 13194960.000000	 17755665.000000	 0	 0	 0	 0	 0	 -104857600	 104853098	 60246	 1	 3959002	 1740.415928	 5929308.000000	 0.000000	 10274296.000000	 0.000000	 0.000000	 16203604.000000	 26330088.000000	 39206517	 48642265.000000	 2529069	
144463280.000000	 66598511.000000	 213742221.000000	 35735600.000000	 12998916.000000	 17476592.000000	 0	 0	 0	 0	 0	 -104857600	 104853047	 60246	 1	 3959001	 1740.415081	 6196580.000000	 0.000000	 10057039.000000	 0.000000	 0.000000	 16253619.000000	 26608888.000000	 39962194	 48734516.000000	 2529171	
132336216.000000	 61660736.000000	 196677826.000000	 31533049.000000	 13671913.000000	 16068523.000000	 0	 0	 0	 0	 0	 -104857600	 104853072	 60246	 1	 3959003	 1740.415496	 6044315.000000	 0.000000	 9120615.000000	 0.000000	 0.000000	 15164930.000000	 22958510.000000	 31313485	 45204962.000000	 2536301	
139894892.000000	 73012451.000000	 216732606.000000	 41589247.000000	 13303844.000000	 16692754.000000	 0	 0	 0	 0	 0	 -104857600	 104853109	 60246	 1	 3959006	 1740.416111	 6216322.000000	 0.000000	 9547352.000000	 0.000000	 0.000000	 15763674.000000	 31000644.000000	 32421643	 54893091.000000	 2535149	
139084990.000000	 66485445.000000	 208275463.000000	 35452961.000000	 12827981.000000	 17824832.000000	 0	 0	 0	 0	 0	 -104857600	 104853091	 60246	 1	 3959003	 1740.415812	 6404580.000000	 0.000000	 10251834.000000	 0.000000	 0.000000	 16656414.000000	 26213256.000000	 39218636	 48280942.000000	 2526849	
139491650.000000	 66946157.000000	 210244981.000000	 36088201.000000	 13059056.000000	 17519249.000000	 0	 0	 0	 0	 0	 -104857600	 104853144	 60246	 1	 3959011	 1740.416692	 6152419.000000	 0.000000	 10245275.000000	 0.000000	 0.000000	 16397694.000000	 27638169.000000	 33943605	 49147257.000000	 2532054	
148839517.000000	 71873878.000000	 224440561.000000	 39882662.000000	 12932543.000000	 17634637.000000	 0	 0	 0	 0	 0	 -104857600	 104853152	 60246	 1	 3959010	 1740.416824	 6253022.000000	 0.000000	 10432671.000000	 0.000000	 0.000000	 16685693.000000	 29810133.000000	 32370313	 52815205.000000	 2532772	
142207023.000000	 67297688.000000	 212176352.000000	 36504129.000000	 12946766.000000	 17450842.000000	 0	 0	 0	 0	 0	 -104857600	 104853097	 60246	 1	 3958996	 1740.415911	 5842196.000000	 0.000000	 10014322.000000	 0.000000	 0.000000	 15856518.000000	 27147599.000000	 40436528	 49450895.000000	 2531553	
144741169.000000	 65192252.000000	 212619036.000000	 34077084.000000	 13418863.000000	 17317901.000000	 0	 0	 0	 0	 0	 -104857600	 104853068	 60246	 1	 3958998	 1740.415430	 5705623.000000	 0.000000	 9988445.000000	 0.000000	 0.000000	 15694068.000000	 25549082.000000	 38169007	 47495947.000000	 2531408	
Running version [99985]
Backoff set to [-1]
145596039.000000	 53748966.000000	 202038817.000000	 22355996.000000	 12843864.000000	 18026944.000000	 0	 0	 0	 0	 0	 -104857600	 104857587	 60246	 1	 3959015	 1740.490439	 6124667.000000	 0.000000	 10502103.000000	 0.000000	 0.000000	 16626770.000000	 12819833.000000	 3618636	 35199860.000000	 2532058	
148982197.000000	 53346494.000000	 205021996.000000	 22812579.000000	 12747013.000000	 17256861.000000	 0	 0	 0	 0	 0	 -104857600	 104857595	 60246	 1	 3959015	 1740.490572	 6030404.000000	 0.000000	 9700064.000000	 0.000000	 0.000000	 15730468.000000	 12909692.000000	 3643751	 35559592.000000	 2534312	
149419353.000000	 53826768.000000	 205918121.000000	 22922704.000000	 12835254.000000	 17544985.000000	 0	 0	 0	 0	 0	 -104857600	 104857601	 60246	 1	 3959018	 1740.490672	 6085861.000000	 0.000000	 10121431.000000	 0.000000	 0.000000	 16207292.000000	 13013012.000000	 3662813	 35757958.000000	 2528409	
136841288.000000	 55174893.000000	 195788147.000000	 24456845.000000	 13074046.000000	 17263705.000000	 0	 0	 0	 0	 0	 -104857600	 104857588	 60246	 1	 3959014	 1740.490456	 6042998.000000	 0.000000	 9781496.000000	 0.000000	 0.000000	 15824494.000000	 15638079.000000	 3328364	 37530891.000000	 2533170	
144036426.000000	 47174929.000000	 193936786.000000	 17710782.000000	 12686904.000000	 16253887.000000	 0	 0	 0	 0	 0	 -104857600	 104857602	 60246	 1	 3959022	 1740.490688	 5893296.000000	 0.000000	 9044900.000000	 0.000000	 0.000000	 14938196.000000	 10407858.000000	 3047047	 30397686.000000	 2526374	
142874542.000000	 52685193.000000	 198246266.000000	 21803055.000000	 12572025.000000	 17806144.000000	 0	 0	 0	 0	 0	 -104857600	 104857606	 60246	 1	 3959018	 1740.490755	 5799820.000000	 0.000000	 10391292.000000	 0.000000	 0.000000	 16191112.000000	 12545799.000000	 3504504	 34375080.000000	 2529462	
139942056.000000	 50113523.000000	 193898394.000000	 19984504.000000	 13002222.000000	 16743510.000000	 0	 0	 0	 0	 0	 -104857600	 104857598	 60246	 1	 3959021	 1740.490622	 6066222.000000	 0.000000	 9504622.000000	 0.000000	 0.000000	 15570844.000000	 11950679.000000	 3461695	 32986726.000000	 2535821	
138912407.000000	 53258155.000000	 194903352.000000	 22780759.000000	 12448001.000000	 17503334.000000	 0	 0	 0	 0	 0	 -104857600	 104857594	 60246	 1	 3959017	 1740.490555	 5916243.000000	 0.000000	 10022455.000000	 0.000000	 0.000000	 15938698.000000	 12969706.000000	 3490986	 35228760.000000	 2532430	
149568776.000000	 53018715.000000	 205305693.000000	 21893171.000000	 12559623.000000	 18044507.000000	 0	 0	 0	 0	 0	 -104857600	 104857563	 60246	 1	 3959012	 1740.490041	 5842228.000000	 0.000000	 10589700.000000	 0.000000	 0.000000	 16431928.000000	 12630613.000000	 3472384	 34452794.000000	 2536077	
144655628.000000	 52700612.000000	 200058174.000000	 22333501.000000	 12670738.000000	 17168570.000000	 0	 0	 0	 0	 0	 -104857600	 104857599	 60246	 1	 3959019	 1740.490638	 5588867.000000	 0.000000	 9790372.000000	 0.000000	 0.000000	 15379239.000000	 12632388.000000	 3601684	 35004239.000000	 2526291	
Running version [9998200]
Backoff set to [-1]
151202800.000000	 206213710.000000	 379802025.000000	 0.000000	 185513295.000000	 20694467.000000	 0	 0	 0	 0	 0	 -104857600	 104853263	 60246	 1	 3959014	 1740.418667	 5535613.000000	 0.000000	 10391027.000000	 0.000000	 0.000000	 15926640.000000	 0.000000	 0	 185513295.000000	 2534495	
149879282.000000	 206464876.000000	 378420615.000000	 0.000000	 186016836.000000	 20440630.000000	 0	 0	 0	 0	 0	 -104857600	 104853262	 60246	 1	 3959015	 1740.418650	 5503532.000000	 0.000000	 9908912.000000	 0.000000	 0.000000	 15412444.000000	 0.000000	 0	 186016836.000000	 2534324	
137757455.000000	 248767808.000000	 410304509.000000	 0.000000	 230031916.000000	 18725834.000000	 0	 0	 0	 0	 0	 -104857600	 104853264	 60246	 1	 3959013	 1740.418683	 6225914.000000	 0.000000	 11642350.000000	 0.000000	 0.000000	 17868264.000000	 0.000000	 0	 230031916.000000	 2534375	
138062926.000000	 203174556.000000	 364020193.000000	 0.000000	 185196381.000000	 17970724.000000	 0	 0	 0	 0	 0	 -104857600	 104853265	 60246	 1	 3959014	 1740.418700	 6232096.000000	 0.000000	 10811849.000000	 0.000000	 0.000000	 17043945.000000	 0.000000	 0	 185196381.000000	 2533368	
142210210.000000	 263529054.000000	 429597826.000000	 0.000000	 244611805.000000	 18910148.000000	 0	 0	 0	 0	 0	 -104857600	 104853264	 60246	 1	 3959015	 1740.418683	 6025859.000000	 0.000000	 12078576.000000	 0.000000	 0.000000	 18104435.000000	 0.000000	 0	 244611805.000000	 2533935	
142175982.000000	 218085251.000000	 382947634.000000	 0.000000	 198242886.000000	 19836042.000000	 0	 0	 0	 0	 0	 -104857600	 104853263	 60246	 1	 3959013	 1740.418667	 5599082.000000	 0.000000	 9891297.000000	 0.000000	 0.000000	 15490379.000000	 0.000000	 0	 198242886.000000	 2534029	
149895382.000000	 205418733.000000	 378270515.000000	 0.000000	 184828365.000000	 20584341.000000	 0	 0	 0	 0	 0	 -104857600	 104853261	 60246	 1	 3959015	 1740.418634	 5376555.000000	 0.000000	 8907205.000000	 0.000000	 0.000000	 14283760.000000	 0.000000	 0	 184828365.000000	 2534805	
144276228.000000	 217788719.000000	 386067814.000000	 0.000000	 199372233.000000	 18409298.000000	 0	 0	 0	 0	 0	 -104857600	 104853267	 60246	 1	 3959015	 1740.418733	 6000155.000000	 0.000000	 11530734.000000	 0.000000	 0.000000	 17530889.000000	 0.000000	 0	 199372233.000000	 2534119	
149526784.000000	 232151042.000000	 405389951.000000	 0.000000	 212807676.000000	 19334732.000000	 0	 0	 0	 0	 0	 -104857600	 104853265	 60246	 1	 3959015	 1740.418700	 6078706.000000	 0.000000	 12455002.000000	 0.000000	 0.000000	 18533708.000000	 0.000000	 0	 212807676.000000	 2534879	
138842663.000000	 206802815.000000	 368801885.000000	 0.000000	 185211385.000000	 21585142.000000	 0	 0	 0	 0	 0	 -104857600	 104853261	 60246	 1	 3959015	 1740.418634	 5011187.000000	 0.000000	 8704096.000000	 0.000000	 0.000000	 13715283.000000	 0.000000	 0	 185211385.000000	 2534454	
Running version [999777010]
Backoff set to [-1]
139095078.000000	 26220756.000000	 165416665.000000	 10562111.000000	 5126787.000000	 10531811.000000	 1575	 0	 712	 0	 0	 -104857600	 0	 0	 0	 0	 -nan	 1579932.000000	 279371.000000	 8193537.000000	 956301.000000	 0.000000	 9773469.000000	 0.000000	 0	 15688898.000000	 0	
138473370.000000	 26347572.000000	 164836441.000000	 10664729.000000	 5199900.000000	 10482887.000000	 1509	 0	 716	 0	 0	 -104857600	 0	 0	 0	 0	 -nan	 1519896.000000	 268374.000000	 8208706.000000	 991654.000000	 0.000000	 9728602.000000	 0.000000	 0	 15864629.000000	 0	
136047637.000000	 23594652.000000	 159657714.000000	 8433473.000000	 5204672.000000	 9956455.000000	 1654	 0	 755	 0	 0	 -104857600	 0	 0	 0	 0	 -nan	 2005097.000000	 305433.000000	 7259786.000000	 1050862.000000	 0.000000	 9264883.000000	 0.000000	 0	 13638145.000000	 0	
139932141.000000	 23862202.000000	 163809877.000000	 8440007.000000	 5275337.000000	 10146801.000000	 1649	 0	 794	 0	 0	 -104857600	 0	 0	 0	 0	 -nan	 1922689.000000	 283339.000000	 7462067.000000	 1187509.000000	 0.000000	 9384756.000000	 0.000000	 0	 13715344.000000	 0	
137967185.000000	 25999478.000000	 163981870.000000	 10617960.000000	 4950870.000000	 10430599.000000	 1493	 0	 703	 0	 0	 -104857600	 0	 0	 0	 0	 -nan	 1598020.000000	 260932.000000	 8018615.000000	 981827.000000	 0.000000	 9616635.000000	 0.000000	 0	 15568830.000000	 0	
139536679.000000	 25871596.000000	 165424030.000000	 10727988.000000	 5107286.000000	 10036271.000000	 1755	 0	 716	 0	 0	 -104857600	 0	 0	 0	 0	 -nan	 1534529.000000	 259640.000000	 7803993.000000	 984783.000000	 0.000000	 9338522.000000	 0.000000	 0	 15835274.000000	 0	
144645279.000000	 25932125.000000	 170592819.000000	 10777958.000000	 4953532.000000	 10200577.000000	 1582	 0	 783	 0	 0	 -104857600	 0	 0	 0	 0	 -nan	 1536157.000000	 277362.000000	 7883980.000000	 959744.000000	 0.000000	 9420137.000000	 0.000000	 0	 15731490.000000	 0	
144120148.000000	 26357372.000000	 170492591.000000	 10469376.000000	 5178996.000000	 10708945.000000	 1620	 0	 643	 0	 0	 -104857600	 0	 0	 0	 0	 -nan	 1642905.000000	 266027.000000	 8304388.000000	 985408.000000	 0.000000	 9947293.000000	 0.000000	 0	 15648372.000000	 0	
137051510.000000	 26044808.000000	 163110919.000000	 9912371.000000	 5098949.000000	 11033431.000000	 1643	 0	 716	 0	 0	 -104857600	 0	 0	 0	 0	 -nan	 1793325.000000	 250927.000000	 8425094.000000	 996391.000000	 0.000000	 10218419.000000	 0.000000	 0	 15011320.000000	 0	
139976599.000000	 24121333.000000	 164113431.000000	 8420160.000000	 5163596.000000	 10537526.000000	 1780	 0	 647	 0	 0	 -104857600	 0	 0	 0	 0	 -nan	 2039755.000000	 303068.000000	 7850692.000000	 1236378.000000	 0.000000	 9890447.000000	 0.000000	 0	 13583756.000000	 0	
Running version [999811]
Backoff set to [-1]
144581401.000000	 41594469.000000	 188903677.000000	 12752941.000000	 12664213.000000	 15793439.000000	 0	 0	 0	 0	 0	 -104857600	 104857572	 60246	 1	 3959016	 1740.490190	 6224864.000000	 0.000000	 8543942.000000	 0.000000	 0.000000	 14768806.000000	 9008.000000	 12001	 25417154.000000	 2532781	
139628807.000000	 41718422.000000	 184055022.000000	 12629497.000000	 13034888.000000	 15761457.000000	 0	 0	 0	 0	 0	 -104857600	 104857579	 60246	 1	 3959014	 1740.490306	 6340904.000000	 0.000000	 8584439.000000	 0.000000	 0.000000	 14925343.000000	 7292.000000	 9526	 25664385.000000	 2532705	
143371897.000000	 41019730.000000	 187059811.000000	 12628868.000000	 12967451.000000	 15141155.000000	 0	 0	 0	 0	 0	 -104857600	 104857580	 60246	 1	 3959015	 1740.490323	 5719928.000000	 0.000000	 8344143.000000	 0.000000	 0.000000	 14064071.000000	 7844.000000	 8480	 25596319.000000	 2542432	
142734804.000000	 41441930.000000	 186971399.000000	 12802519.000000	 12749592.000000	 15499796.000000	 0	 0	 0	 0	 0	 -104857600	 104857580	 60246	 1	 3959015	 1740.490323	 5793216.000000	 0.000000	 8390224.000000	 0.000000	 0.000000	 14183440.000000	 8209.000000	 11284	 25552111.000000	 2533086	
147739669.000000	 41642021.000000	 192074588.000000	 12896863.000000	 12615717.000000	 15745826.000000	 0	 0	 0	 0	 0	 -104857600	 104857584	 60246	 1	 3959015	 1740.490389	 5935353.000000	 0.000000	 8549446.000000	 0.000000	 0.000000	 14484799.000000	 7492.000000	 10308	 25512580.000000	 2533176	
138220549.000000	 43668611.000000	 184578884.000000	 13646823.000000	 13726747.000000	 15995280.000000	 0	 0	 0	 0	 0	 -104857600	 104857582	 60246	 1	 3959012	 1740.490356	 6012604.000000	 0.000000	 9003345.000000	 0.000000	 0.000000	 15015949.000000	 9836.000000	 9338	 27373570.000000	 2532922	
143918007.000000	 42750847.000000	 189437594.000000	 13359487.000000	 12931446.000000	 16070672.000000	 0	 0	 0	 0	 0	 -104857600	 104857572	 60246	 1	 3959011	 1740.490190	 6515687.000000	 0.000000	 8731406.000000	 0.000000	 0.000000	 15247093.000000	 8050.000000	 9136	 26290933.000000	 2534047	
140903602.000000	 42438517.000000	 186050720.000000	 13059867.000000	 13947490.000000	 15144402.000000	 0	 0	 0	 0	 0	 -104857600	 104857576	 60246	 1	 3959014	 1740.490257	 6012443.000000	 0.000000	 8183366.000000	 0.000000	 0.000000	 14195809.000000	 7928.000000	 12562	 27007357.000000	 2534306	
146876290.000000	 44943187.000000	 194500474.000000	 14673497.000000	 14365371.000000	 15582707.000000	 0	 0	 0	 0	 0	 -104857600	 104857565	 60246	 1	 3959013	 1740.490074	 5831531.000000	 0.000000	 8764292.000000	 0.000000	 0.000000	 14595823.000000	 9096.000000	 8467	 29038868.000000	 2534885	
143761151.000000	 42191550.000000	 188617622.000000	 12700900.000000	 13695851.000000	 15469242.000000	 0	 0	 0	 0	 0	 -104857600	 104857558	 60246	 1	 3959008	 1740.489958	 5850299.000000	 0.000000	 8642733.000000	 0.000000	 0.000000	 14493032.000000	 8003.000000	 9566	 26396751.000000	 2536073	
Running version [9998204]
Backoff set to [-1]
145895554.000000	 42329030.000000	 190923000.000000	 0.000000	 23985882.000000	 18336059.000000	 0	 0	 0	 0	 0	 -104857600	 104853230	 60246	 1	 3959013	 1740.418119	 5935903.000000	 0.000000	 11686517.000000	 0.000000	 0.000000	 17622420.000000	 0.000000	 0	 23985882.000000	 2535783	
142845672.000000	 40806220.000000	 186344204.000000	 0.000000	 23105435.000000	 17692218.000000	 0	 0	 0	 0	 0	 -104857600	 104853216	 60246	 1	 3959015	 1740.417887	 5810087.000000	 0.000000	 11161445.000000	 0.000000	 0.000000	 16971532.000000	 0.000000	 0	 23105435.000000	 2532954	
136317418.000000	 55046541.000000	 194440518.000000	 0.000000	 39258292.000000	 15781512.000000	 0	 0	 0	 0	 0	 -104857600	 104853244	 60246	 1	 3959013	 1740.418351	 5867989.000000	 0.000000	 8353963.000000	 0.000000	 0.000000	 14221952.000000	 0.000000	 0	 39258292.000000	 2535613	
129284404.000000	 40108812.000000	 172080667.000000	 0.000000	 22653824.000000	 17446947.000000	 0	 0	 0	 0	 0	 -104857600	 104853227	 60246	 1	 3959013	 1740.418069	 5794873.000000	 0.000000	 10994694.000000	 0.000000	 0.000000	 16789567.000000	 0.000000	 0	 22653824.000000	 2535192	
142619873.000000	 39206615.000000	 184520254.000000	 0.000000	 21570649.000000	 17627026.000000	 0	 0	 0	 0	 0	 -104857600	 104853208	 60246	 1	 3959014	 1740.417754	 5914054.000000	 0.000000	 11046570.000000	 0.000000	 0.000000	 16960624.000000	 0.000000	 0	 21570649.000000	 2534722	
137926557.000000	 42035763.000000	 182653074.000000	 0.000000	 23808166.000000	 18219724.000000	 0	 0	 0	 0	 0	 -104857600	 104853214	 60246	 1	 3959010	 1740.417853	 6032539.000000	 0.000000	 11541636.000000	 0.000000	 0.000000	 17574175.000000	 0.000000	 0	 23808166.000000	 2536819	
140783370.000000	 54580692.000000	 198426645.000000	 0.000000	 39140476.000000	 15433965.000000	 0	 0	 0	 0	 0	 -104857600	 104853508	 60246	 1	 3959032	 1740.422733	 5914500.000000	 0.000000	 8408188.000000	 0.000000	 0.000000	 14322688.000000	 0.000000	 330	 39140476.000000	 2535662	
128674231.000000	 39755751.000000	 171108582.000000	 0.000000	 22344016.000000	 17405100.000000	 0	 0	 0	 0	 0	 -104857600	 104853218	 60246	 1	 3959013	 1740.417920	 5917091.000000	 0.000000	 10829263.000000	 0.000000	 0.000000	 16746354.000000	 0.000000	 0	 22344016.000000	 2536701	
137942924.000000	 42683571.000000	 183319569.000000	 0.000000	 24707863.000000	 17966570.000000	 0	 0	 0	 0	 0	 -104857600	 104853216	 60246	 1	 3959012	 1740.417887	 5975439.000000	 0.000000	 11352825.000000	 0.000000	 0.000000	 17328264.000000	 0.000000	 0	 24707863.000000	 2535698	
143278285.000000	 41273095.000000	 187247284.000000	 0.000000	 23498599.000000	 17768530.000000	 0	 0	 0	 0	 0	 -104857600	 104853220	 60246	 1	 3959014	 1740.417953	 5863340.000000	 0.000000	 11242413.000000	 0.000000	 0.000000	 17105753.000000	 0.000000	 0	 23498599.000000	 2533995	
